0.000000000000000000e+00 0.000000000000000000e+00 0.000000000000000000e+00
0.000000000000000000e+00 0.000000000000000000e+00 0.000000000000000000e+00
0.000000000000000000e+00 0.000000000000000000e+00 0.000000000000000000e+00
1.000000000000000000e+00 1.435759425163269043e+00 1.000000000000000000e+00
0.000000000000000000e+00 0.000000000000000000e+00 0.000000000000000000e+00
0.000000000000000000e+00 0.000000000000000000e+00 0.000000000000000000e+00
0.000000000000000000e+00 0.000000000000000000e+00 0.000000000000000000e+00
1.000000000000000000e+00 3.975438594818115234e+00 1.000000000000000000e+00
1.000000000000000000e+00 8.384499549865722656e+00 1.000000000000000000e+00
1.000000000000000000e+00 3.816394090652465820e+00 1.000000000000000000e+00
1.000000000000000000e+00 6.841616153717041016e+00 1.000000000000000000e+00
0.000000000000000000e+00 0.000000000000000000e+00 0.000000000000000000e+00
0.000000000000000000e+00 0.000000000000000000e+00 0.000000000000000000e+00
0.000000000000000000e+00 0.000000000000000000e+00 0.000000000000000000e+00
1.000000000000000000e+00 9.444059133529663086e-01 1.000000000000000000e+00
1.000000000000000000e+00 7.480856418609619141e+00 1.000000000000000000e+00
0.000000000000000000e+00 0.000000000000000000e+00 0.000000000000000000e+00
1.000000000000000000e+00 2.322232484817504883e+00 1.000000000000000000e+00
1.000000000000000000e+00 3.312442064285278320e+00 1.000000000000000000e+00
1.000000000000000000e+00 5.801727294921875000e+00 1.000000000000000000e+00
1.000000000000000000e+00 6.134236812591552734e+00 1.000000000000000000e+00
0.000000000000000000e+00 0.000000000000000000e+00 0.000000000000000000e+00
0.000000000000000000e+00 0.000000000000000000e+00 0.000000000000000000e+00
1.000000000000000000e+00 1.137768387794494629e+00 1.000000000000000000e+00
1.000000000000000000e+00 1.046665668487548828e+00 1.000000000000000000e+00
1.000000000000000000e+00 4.595018386840820312e+00 1.000000000000000000e+00
1.000000000000000000e+00 8.197411537170410156e+00 1.000000000000000000e+00
0.000000000000000000e+00 0.000000000000000000e+00 0.000000000000000000e+00
0.000000000000000000e+00 0.000000000000000000e+00 0.000000000000000000e+00
1.000000000000000000e+00 2.944440364837646484e+00 1.000000000000000000e+00
0.000000000000000000e+00 0.000000000000000000e+00 0.000000000000000000e+00
1.000000000000000000e+00 2.338977336883544922e+00 1.000000000000000000e+00
0.000000000000000000e+00 0.000000000000000000e+00 0.000000000000000000e+00
1.000000000000000000e+00 7.381408691406250000e+00 1.000000000000000000e+00
1.000000000000000000e+00 6.502746105194091797e+00 1.000000000000000000e+00
0.000000000000000000e+00 0.000000000000000000e+00 0.000000000000000000e+00
0.000000000000000000e+00 0.000000000000000000e+00 0.000000000000000000e+00
1.000000000000000000e+00 2.997777223587036133e+00 1.000000000000000000e+00
1.000000000000000000e+00 5.595985412597656250e+00 1.000000000000000000e+00
0.000000000000000000e+00 0.000000000000000000e+00 0.000000000000000000e+00
0.000000000000000000e+00 0.000000000000000000e+00 0.000000000000000000e+00
1.000000000000000000e+00 2.703361749649047852e+00 1.000000000000000000e+00
0.000000000000000000e+00 0.000000000000000000e+00 0.000000000000000000e+00
0.000000000000000000e+00 0.000000000000000000e+00 0.000000000000000000e+00
1.000000000000000000e+00 1.279874920845031738e+00 1.000000000000000000e+00
0.000000000000000000e+00 0.000000000000000000e+00 0.000000000000000000e+00
1.000000000000000000e+00 1.573421716690063477e+00 1.000000000000000000e+00
1.000000000000000000e+00 2.268393278121948242e+00 1.000000000000000000e+00
1.000000000000000000e+00 9.353771209716796875e-01 1.000000000000000000e+00
1.000000000000000000e+00 1.191781640052795410e+00 1.000000000000000000e+00
0.000000000000000000e+00 0.000000000000000000e+00 0.000000000000000000e+00
0.000000000000000000e+00 0.000000000000000000e+00 0.000000000000000000e+00
1.000000000000000000e+00 4.989570140838623047e+00 1.000000000000000000e+00
0.000000000000000000e+00 0.000000000000000000e+00 0.000000000000000000e+00
1.000000000000000000e+00 2.549269437789916992e+00 1.000000000000000000e+00
0.000000000000000000e+00 0.000000000000000000e+00 0.000000000000000000e+00
1.000000000000000000e+00 3.104783535003662109e+00 1.000000000000000000e+00
0.000000000000000000e+00 0.000000000000000000e+00 0.000000000000000000e+00
0.000000000000000000e+00 0.000000000000000000e+00 0.000000000000000000e+00
1.000000000000000000e+00 3.580002546310424805e+00 1.000000000000000000e+00
1.000000000000000000e+00 1.087371110916137695e+00 1.000000000000000000e+00
0.000000000000000000e+00 0.000000000000000000e+00 0.000000000000000000e+00
1.000000000000000000e+00 1.260379314422607422e+00 1.000000000000000000e+00
1.000000000000000000e+00 7.641359806060791016e+00 1.000000000000000000e+00
1.000000000000000000e+00 2.795936584472656250e+00 1.000000000000000000e+00
1.000000000000000000e+00 1.500142335891723633e+00 1.000000000000000000e+00
1.000000000000000000e+00 6.353178977966308594e+00 1.000000000000000000e+00
0.000000000000000000e+00 0.000000000000000000e+00 0.000000000000000000e+00
1.000000000000000000e+00 3.454398393630981445e+00 1.000000000000000000e+00
0.000000000000000000e+00 0.000000000000000000e+00 0.000000000000000000e+00
1.000000000000000000e+00 6.443536758422851562e+00 1.000000000000000000e+00
0.000000000000000000e+00 0.000000000000000000e+00 0.000000000000000000e+00
0.000000000000000000e+00 0.000000000000000000e+00 0.000000000000000000e+00
1.000000000000000000e+00 1.345386862754821777e+00 1.000000000000000000e+00
1.000000000000000000e+00 2.860933542251586914e+00 1.000000000000000000e+00
0.000000000000000000e+00 0.000000000000000000e+00 0.000000000000000000e+00
0.000000000000000000e+00 0.000000000000000000e+00 0.000000000000000000e+00
0.000000000000000000e+00 0.000000000000000000e+00 0.000000000000000000e+00
0.000000000000000000e+00 0.000000000000000000e+00 0.000000000000000000e+00
0.000000000000000000e+00 0.000000000000000000e+00 0.000000000000000000e+00
1.000000000000000000e+00 3.686508417129516602e+00 1.000000000000000000e+00
1.000000000000000000e+00 8.347784996032714844e+00 1.000000000000000000e+00
1.000000000000000000e+00 7.031608581542968750e+00 1.000000000000000000e+00
0.000000000000000000e+00 0.000000000000000000e+00 0.000000000000000000e+00
1.000000000000000000e+00 1.043052792549133301e+00 1.000000000000000000e+00
0.000000000000000000e+00 0.000000000000000000e+00 0.000000000000000000e+00
1.000000000000000000e+00 1.050781607627868652e+00 1.000000000000000000e+00
1.000000000000000000e+00 1.185364365577697754e+00 1.000000000000000000e+00
1.000000000000000000e+00 6.422443866729736328e+00 1.000000000000000000e+00
1.000000000000000000e+00 8.261578559875488281e+00 1.000000000000000000e+00
0.000000000000000000e+00 0.000000000000000000e+00 0.000000000000000000e+00
0.000000000000000000e+00 0.000000000000000000e+00 0.000000000000000000e+00
0.000000000000000000e+00 0.000000000000000000e+00 0.000000000000000000e+00
1.000000000000000000e+00 1.130412220954895020e+00 1.000000000000000000e+00
1.000000000000000000e+00 3.511508703231811523e+00 1.000000000000000000e+00
0.000000000000000000e+00 0.000000000000000000e+00 0.000000000000000000e+00
1.000000000000000000e+00 1.260623216629028320e+00 1.000000000000000000e+00
1.000000000000000000e+00 1.559572935104370117e+00 1.000000000000000000e+00
1.000000000000000000e+00 1.501814246177673340e+00 1.000000000000000000e+00
0.000000000000000000e+00 0.000000000000000000e+00 0.000000000000000000e+00
